38763
38773
38800
38823
38848
38854
38863
38897
39029
39043
39108
39136
3739
3941
3942
4013
4313
4805
6531
5099
5171
5397
5446
5452
29842
29981
30328
30375
30716
30827
30949
42582
31022
31028
31440
31445
35262
35303
35377
35424
35432
35433
35436
35486
35571
35720
35760
35764
23831
10773
18990
7479
25442
29741
33112
33349
34750
35920
38458
41440
4526
5000
5087
7237
10225
10842
12540
18195
23229
24613
25096
27614
2742
3886
5609
7163
9491
9879
10894
11061
11460
1204
6966
7174
28856
28919
28927
28929
29424
29921
30678
30189
30195
30196
30212
30285
30322
30728
31765
33106
33205
33377
33446
33926
34260
34775
35125
36204
33265
33301
33406
33431
33438
33450
33469
33473
33557
33576
33673
33685
8589
8607
8617
8619
8626
8680
9247
9257
9288
9395
9418
29930
36179
36190
37728
38478
41203
19367
18903
29439
647
1250
4006
5578
5677
5822
6248
6738
6876
6890
6977
7830
8170
39286
6766
10862
37291
37401
37406
37499
37566
37577
37740
37752
37769
37838
38054
39792
30207
30393
31456
31635
32707
32985
33583
33584
34737
35127
35813
36198
661
656
636
915
1202
2399
4706
4820
5152
5164
5174
5470
38542
38568
38571
38582
38583
38584
38586
38658
38690
38729
38758
38768
39809
39824
39830
39864
39868
39875
39878
39880
39889
39892
39896
39898
40131
40151
40152
40163
40195
40201
40203
40205
40211
40263
40274
40352
9079
9506
12546
15417
21909
22939
23962
24128
25460
27365
27547
28922
19584
19899
20008
20398
20712
20845
21083
21342
21345
21621
21641
21663
33906
33907
33909
34000
34100
34103
34115
34116
34192
34316
34361
34362
29051
29057
29432
29744
31102
31665
31988
31989
32342
32346
32482
32719
42623
42882
28734
10953
22743
13298
21007
6855
10454
9146
11739
11743
24850
28854
6227
8627
12543
21946
25374
25844
27136
27426
27484
26933
31017
31419
31442
31451
31642
31659
31669
31671
31674
31678
31702
31730
40293
40302
40323
40324
40343
40351
40355
40429
40438
40500
40656
40689
16020
16906
17552
17553
18109
18198
18593
18887
18905
19074
19097
19234
42694
5229
6510
14317
27615
36448
659
9370
7592
20866
10679
20317
7347
8204
10852
12300
14347
16022
16132
16668
17063
17640
18190
19500
36699
36702
36888
36937
36974
37063
37064
37211
37267
37268
37273
37302
37375
37382
37399
37438
37457
37481
37525
37572
37709
37759
37772
37801
7321
11161
26221
27625
36438
37372
40896
41172
41198
42319
22747
2515
19596
19824
19826
19829
19830
19897
19927
20029
20547
20548
20607
20608
23935
24002
24083
17220
18110
20570
21046
21347
1251
3281
6741
7262
31738
31762
31987
40648
32117
32198
32337
32343
32386
32462
32631
32703
40113
40116
40143
40150
40154
40191
40204
40212
40215
40267
40291
40292
17026
22748
23551
23755
26275
26534
2003
5956
20344
20699
23532
24081
17036
23880
24877
25275
33582
33723
34372
34666
35068
35381
35820
35948
24051
24614
25173
25439
26513
26811
26930
27602
27722
28072
28247
28655
34364
34465
34466
34596
34788
34955
35012
35039
35040
35057
35065
35067
21732
25373
22872
22877
23217
23225
23536
23713
23725
23926
24034
24096
29653
29664
30819
31299
32098
33081
34082
34208
34781
35037
35411
36166
39645
39662
39665
39698
39704
39744
39745
39754
39767
39794
39796
39799
39760
39763
39764
39806
39815
39869
39941
39955
40028
40033
40070
40079
1616
1652
36828
37757
17793
19919
23728
24086
27168
41413
41460
675
38769
38772
38838
38843
42380
38929
38971
39021
39150
39159
39219
39240
7432
7490
9608
9905
17829
21160
22891
27188
27466
29381
29986
30082
7010
9285
9312
9524
9769
10237
10466
2071
2398
3141
3401
5157
36207
36413
41181
36427
36451
36453
36466
36469
36576
36605
37180
37199
6513
7164
7750
10347
22648
22953
23190
25017
27465
28184
28464
28595
33697
33721
33729
33808
33888
33889
33891
40672
34049
34079
34084
34128
7969
7989
8084
8260
8264
8330
8359
8363
8381
8392
8406
8544
36459
36694
36698
37105
37734
38086
38262
39547
39689
39769
39771
40022
39677
40196
40639
40798
41124
41446
41875
41940
24087
7854
1458
1920
7593
8418
9537
9899
9972
10804
4981
5899
7370
8355
8583
4421
30323
30682
30699
30700
30701
30989
31021
31032
31034
31035
31485
31488
30731
33914
36437
37144
37970
40093
40103
40994
41206
41474
1838
22942
35020
35025
35031
35036
35060
35165
35169
35191
35192
35193
35195
35251
31449
31455
31534
31583
31636
31664
31770
32191
32363
32483
32629
32701
5483
5691
5814
6401
6512
6840
6980
7099
7114
7265
7287
7289
38554
38557
38563
38610
38678
38759
38706
38725
38733
38755
38760
38762
4711
25274
28684
28997
28103
8362
9949
27089
27109
27197
28112
26936
40031
1186
5161
34336
35939
38500
27472
6711
1091
1092
5808
6708
12455
12538
12542
12719
13505
13506
13774
14178
16693
18192
18193
18194
5559
5605
5960
6361
6499
6564
6651
6655
6749
6868
6974
7367
37188
37195
37198
37215
37256
37277
37290
37321
37358
37445
37527
37545
6623
7459
8438
9652
11636
13718
1231
1615
4317
5869
5871
6540
20157
20444
22143
22745
22840
23561
24177
25113
26091
27603
28119
28191
41453
41618
41969
42002
42034
42036
42052
42055
42056
42227
42245
42254
29637
29655
29834
29903
29906
30072
30080
30109
30208
30679
30361
30396
41211
41225
41238
41240
41247
41250
41255
41269
41299
41332
41337
41339
20616
20704
20766
20840
21060
21312
21343
21727
21729
21848
22084
22149
24860
25116
24862
15262
6934
8282
1205
1235
7607
22927
23850
23851
38075
38089
38172
38173
38286
38317
38326
38430
38462
38501
38524
38645
38401
38404
38421
38425
38433
38435
38457
38467
38477
38494
38511
38539
7297
7326
7361
7380
7406
7422
7472
7481
7497
8008
8083
8278
26598
26607
26927
26941
27226
27228
27234
27421
27470
27797
27800
27906
36151
36185
36194
36197
36280
36309
36314
36336
36338
36339
36342
36343
39758
39866
39921
39927
39983
40012
40027
40044
40089
40168
40326
40688
34263
34292
34311
34348
34365
34375
34384
34390
34396
34464
34476
34483
37748
38968
39277
41518
42652
11156
5514
1457
1465
8129
8256
9163
42635
42656
42661
42665
42704
42714
42731
42750
42753
42768
42819
42820
3895
4145
4147
4481
4577
41613
5073
5082
5223
5227
5232
5325
24131
25185
25924
28102
28455
32488
33203
33238
34096
34099
34927
36431
25012
25013
25027
25807
25810
25818
25850
26024
26270
26316
26401
26474
21961
13349
19900
20348
4492
4504
7577
13469
5546
6050
6222
6327
42244
16019
20848
27035
25815
28099
24608
32992
38764
38765
20701
41139
33086
33115
33125
33439
33698
33722
33726
33728
34280
34125
35028
35250
39974
39988
39992
39996
39998
40006
40008
40026
40029
40037
40038
40040
36124
36125
36148
36158
36165
36183
36195
36246
36325
36331
36398
36400
29607
29722
30199
30211
30406
30526
31660
32630
32711
32986
33040
33082
40046
40066
40085
40095
40115
40156
40271
40327
40342
40353
40361
40472
36421
36449
36487
36488
36519
36543
36545
36550
36557
36589
36731
36739
34097
35437
36307
41239
22981
25375
42497
31026
36666
38938
38967
42423
26500
26600
26628
26802
26926
26937
26940
40804
27186
27194
27231
27306
42305
42741
42751
42754
42926
42932
28077
14185
26518
23497
23605
18974
36613
36800
36865
38474
39296
40149
40435
40602
41097
41232
42394
8690
42309
42332
42352
42353
42357
42392
42437
42441
42459
42463
42568
42572
41551
2381
2382
5042
2396
2633
2654
2762
3222
3779
3802
3864
9805
11901
12603
22991
24590
25396
25429
30662
31444
31729
34332
34354
38082
38085
38176
38195
38565
38735
39022
39280
39289
39513
39583
39635
34580
34589
34593
34620
34626
34635
34718
34801
34928
34931
34954
34958
35811
35819
35828
35830
35914
35999
36048
36081
36097
36107
36133
36142
28076
28109
28465
28779
28847
28849
28858
29000
29059
29062
29359
29430
8283
8341
8820
8945
9213
9299
9436
9454
35585
9803
9833
9865
37977
38000
38045
38059
38069
38074
38174
38182
38194
38308
38315
38323
38667
38739
38742
38776
38815
38859
38891
38895
38923
38934
39015
39044
1332
5873
5890
5906
10846
19721
21713
24610
25816
27613
27746
33202
22697
22735
22763
22875
22879
22968
23002
23393
23490
23578
23645
23690
27802
28111
22949
26902
26932
5936
24114
26596
26271
5811
18986
22978
30397
30405
30414
30415
30704
30705
30722
30724
30726
30729
30730
30839
40784
40828
40889
40905
40907
41017
41035
41059
41095
41147
41195
41199
42302
42318
42364
42448
42449
42495
42614
42662
42805
42889
16656
17038
31027
31490
32730
33662
34123
34171
34355
34439
34587
34773
34908
34940
37546
36940
36993
37002
37058
37061
37065
37068
37078
37082
37088
37110
988
2747
5153
5944
9717
10280
10455
10884
14303
15418
19579
1942
18462
20015
20156
20158
21061
21555
21862
22126
22142
22566
22595
22696
7415
7427
7451
7454
7482
7489
7542
7985
8012
8259
8280
8360
21064
29608
31791
32047
32087
32340
34953
35392
36408
36470
36684
36784
42482
42487
42492
42494
42496
42513
42516
42711
42712
42718
42732
42815
39212
39253
39257
39294
39376
39417
39471
39518
39550
39565
39574
39581
36804
36923
37097
37106
37111
37161
39706
37558
37678
37699
37761
37862
23446
22712
24077
16134
17020
18942
8944
3871
7565
3136
5802
7356
1000
1135
1136
1139
1203
1333
1435
1723
1734
1943
2006
2065
3108
4315
7433
8831
9437
9539
9540
9762
17554
26877
27545
27622
36573
36691
36928
37084
37132
37415
38297
39033
39544
39801
40437
40676
23830
23833
23835
23836
23838
23841
23846
23849
23853
23954
23980
23981
41828
41878
41886
41896
41958
42035
42050
42057
42062
42073
42242
42255
27457
27458
27464
27469
27483
27486
27566
27608
27690
27736
28101
28178
34963
35014
35017
35018
35063
35064
35142
35174
35186
35249
35611
35703
40480
40675
40686
40762
40787
40793
40813
40850
40856
40903
41057
41092
35016
35632
36047
36147
36149
36150
36264
36426
36441
36464
36467
36716
5101
5103
32345
1172
1605
1996
2174
5370
5828
5898
7448
9136
8401
8567
8691
8721
8730
8788
8985
9110
9511
9883
9951
10200
11171
15416
24319
33449
38969
40941
8372
35029
36681
38675
38767
39274
41876
41877
41892
41895
41922
41988
42040
42220
42300
42346
42458
42476
36795
36806
36821
36867
37076
37081
37099
37104
37127
37157
37202
37271
23917
25130
26272
26638
26935
27029
27459
28104
28652
29139
29440
29442
37049
37100
37102
37539
38052
38771
39481
39979
40638
40809
41340
41682
41386
41406
41483
41716
41874
41942
42046
42285
42286
42289
42292
42295
40158
40320
40321
40687
40902
41217
41223
41259
41328
41805
42591
42631
5831
5834
5840
5867
5870
5874
5888
5903
5919
5920
5954
6157
34357
34632
35155
35319
36090
36327
37796
38414
39213
39255
39589
39883
33433
33440
33577
33596
33732
33813
33867
33868
33892
33894
34027
34077
27408
19504
22708
7012
14488
18293
20489
20512
3044
3280
3616
9377
41319
35833
17215
7288
36141
36513
36533
36594
36604
36606
36658
36663
36665
36677
36678
36682
36825
22764
22796
23398
23560
23574
23581
23649
23681
24079
24136
24311
24312
9955
10058
10157
10238
10247
10248
10278
10324
10377
10399
10423
10674
12454
17217
20880
22717
22976
23882
4968
19898
21341
21506
21701
22145
37771
37805
37809
37819
37830
37843
37845
37858
37889
37909
37950
37968
38473
38575
40428
42649
7358
7386
6051
25330
27230
28967
35901
37981
38535
40014
40662
41415
597
5390
22301
29061
7263
24265
37764
1038
3225
10736
22657
24036
22718
24714
24435
10236
24496
24605
7863
11893
37559
37564
37567
37569
37574
37580
37583
37612
37747
37749
37755
37756
10845
10849
10863
10889
11054
11192
11423
11481
11786
12219
12440
12449
24313
24945
24978
25161
25179
25811
25812
25828
25839
25950
26273
26420
36399
36415
36417
36423
36424
36442
36443
36444
36460
36461
36463
36507
30193
33580
34400
34794
34913
40775
41012
27227
41056
12340
40128
34166
34078
34086
34095
34098
34112
34117
34124
34181
34195
34253
34254
34262
40816
40882
40976
41099
41174
41214
41325
41619
41853
41941
42382
42752
39943
40636
40955
41083
41126
1804
22632
19094
10805
688
7060
5555
5332
5346
5386
5388
5406
5454
5458
5484
5485
5552
5604
5679
42790
16909
17544
17546
1463
1094
6776
7698
37945
6563
8925
21867
40114
40147
40199
40213
40281
40338
40908
41093
41125
41184
41208
41335
10283
10288
10438
23221
24912
28091
28100
31981
33679
34461
34721
35126
37281
37287
37312
37348
37398
37405
37458
37472
37476
37554
37571
37715
11536
12452
13527
14304
19722
19823
20488
20490
21348
21820
22010
23023
41517
41538
41546
41557
41577
41634
41643
41664
41678
41809
41844
41846
14483
39275
22608
36452
37861
42021
33111
34468
39106
7620
34443
39989
10250
10439
10643
10662
10720
10760
10806
10883
11015
11134
11167
11195
8167
9423
10735
5208
5557
5558
5569
5881
5911
6035
6593
6886
36820
37080
37113
37190
37823
37859
37967
38058
38062
38170
39028
39548
35797
35809
35810
35829
35838
35951
35998
36028
36043
36068
36077
36087
41094
41182
41222
41228
41231
41234
41237
41320
41331
41405
41443
41447
41344
41383
41400
41418
41423
41452
41455
41541
41543
41548
41552
41788
28456
28537
28848
28852
28950
29056
29161
29425
29429
29435
29466
29624
36544
5826
33117
37046
37800
40011
689
602
646
649
4312
916
42824
42831
42850
42887
8528
9880
29016
7837
28721
28758
9351
1999
24007
24084
24110
24111
24486
24519
24565
24616
24618
24619
24786
24913
41322
41539
41861
1007
1181
678
37012
39357
5228
5337
27232
27467
7483
9663
9754
9806
10057
10291
10802
10830
11337
11480
12154
19937
39658
39753
39817
39857
39871
39874
39913
39929
39936
39949
39950
39962
35477
35686
35812
35918
36044
36060
36091
36152
36255
36344
36428
36468
37743
37751
37818
37827
37846
37856
37860
37878
37929
37942
37966
37999
7121
7375
8855
9052
9536
9861
9886
10121
10159
10779
11147
11157
33235
33812
36822
37265
37439
38022
41191
41476
41481
19169
5162
7416
39578
39610
39668
39675
39711
39831
39926
39976
39980
39999
40045
40050
1006
1106
1124
1292
1507
1845
2650
2749
3103
7436
3865
4479
29609
30388
33581
33678
34094
34790
36024
36167
36262
36326
36486
36620
7025
7040
7172
7236
7322
7325
7369
7398
7496
7612
7843
7968
24438
32988
36465
38523
39365
39978
40025
40161
40853
41338
42231
42638
32002
32186
32193
32387
32389
32627
32648
32649
32714
32725
32775
32833
4719
37109
38279
1608
7024
7397
26266
30680
35807
37066
37555
37735
36435
37108
37742
39894
40839
41277
32713
38040
648
1506
8625
11680
34467
34619
34880
35228
35754
35835
36086
36184
36187
36191
36202
36206
34592
34594
34610
34724
34904
34917
34943
34947
34951
34973
35004
35006
37079
38324
38558
38566
38757
39024
39279
39630
39631
39965
39981
40067
32705
32731
32733
32759
32890
32925
32991
32994
33029
33034
33122
33128
24124
25095
25448
25821
25913
25936
26276
26356
26376
26452
26597
26603
32917
37165
40290
42308
36924
38692
41394
662
681
637
1039
1077
39418
39437
39570
39572
39584
39590
39594
39609
39639
39640
39641
39644
15139
25378
7377
7880
3618
5908
5074
6866
7699
26606
27610
29985
39245
39250
39262
39265
39267
39292
39337
39423
39426
39491
39495
39569
35129
35194
35376
35382
35428
35711
35793
35881
35902
35947
35996
36082
9882
9902
10067
10938
10968
11154
11175
11475
11547
12265
1614
5369
29980
30732
34360
37841
39682
40019
40121
40838
40906
42359
42811
42813
11541
11546
11582
11764
11796
11813
11818
11914
11977
12037
12482
12535
40166
41096
41321
41705
42390
23914
9492
21963
5462
10376
8343
10861
10775
10874
10892
10924
11070
11072
11086
11146
11196
11297
11534
11535
40035
40036
40051
40053
40054
40065
40068
40081
40088
40100
40101
40102
32706
32722
32723
32726
32727
32729
32800
32815
32871
32895
32918
32984
25826
24696
7420
24443
5343
6964
8053
8590
9309
10799
22749
22950
41218
41402
6768
9855
12589
6771
5608
21971
27090
27313
28855
36192
39573
39632
39633
39634
39657
39680
39876
39928
40032
40034
40122
40129
13460
30708
19006
30789
20925
22446
22593
22611
22744
22886
23486
23949
11217
11428
11478
11554
11970
12071
12339
12468
12646
12647
12650
12723
36358
36583
36659
37208
38547
38612
39642
39702
39749
39856
39887
40039
41224
41226
41230
41233
41241
41246
41256
41312
41333
41390
41416
41469
40375
40473
40521
40598
40637
40684
40844
40909
40999
41106
41144
41161
40074
41034
41449
41491
42047
42059
42304
42630
42931
24609
17967
10942
13558
14106
14364
14369
15727
16907
16908
18359
18458
18886
19283
19368
9479
10287
10836
11116
11144
11261
11347
11502
11639
11679
11851
11920
40268
40272
40294
40658
40849
41170
41389
41540
41852
42385
42422
42518
24080
655
5156
5843
5872
7860
11269
15266
15414
18710
19783
1459
30719
32874
32919
35834
36396
36675
36572
36926
38463
38562
39673
40020
9525
9533
9642
9679
9686
9842
9884
9982
10276
10467
10614
10734
39915
39935
39971
39977
39997
40000
40001
40004
40007
40013
40015
40021
32989
33005
33087
33093
33109
33116
33124
33127
33193
33198
33200
33247
4055
1505
5394
5450
5556
27717
32195
32698
34259
34339
34340
34886
660
1109
1653
5151
6213
6297
6775
6843
7102
8048
8350
8558
12707
13007
13210
13528
13679
14175
14338
14365
15729
15876
15877
20336
7571
6777
25366
28442
32712
36419
40061
40155
41046
41297
41411
41743
39575
39577
39588
39636
39638
39653
39672
39674
39699
39751
39752
39756
36416
36429
36440
36447
36454
36529
36602
36618
36627
36650
36689
36696
37448
38413
38499
38555
38707
39272
39349
39497
39681
39808
40187
41826
39248
39258
39264
39268
39273
39278
39332
39355
39369
39383
39394
39416
26605
26622
26905
27102
27461
27544
27624
27715
28088
28138
28236
28644
1168
1236
1252
1945
2075
2173
3102
3215
3223
3299
3600
3730
33237
33239
33242
33263
40256
33429
33442
33443
33478
33608
33724
33731
40075
40083
40214
41033
41127
41968
42303
22810
5839
7971
8545
8548
32734
32859
33173
33437
33675
33810
33877
33908
33938
34080
34315
34407
34134
34152
34281
34291
34293
34301
34318
34358
34408
34438
34470
34472
41559
1839
36323
25380
34275
26267
37744
23558
23493
11338
23881
35787
32878
32916
32990
33080
33119
33178
33306
33308
33403
33407
33430
33432
10910
11513
12087
1107
6770
9510
5715
5799
5836
6160
6561
7013
2390
5403
5408
6626
10462
12343
12548
40153
17022
21401
27198
28460
6328
6511
7749
6520
6596
6735
6737
6765
6794
6845
6852
6965
36700
37062
37089
37209
37282
37691
37937
38278
38423
38613
39442
39501
38166
38267
38325
38573
38629
38734
38743
38766
38894
39168
39517
39576
5098
5102
5154
5163
5207
5238
5392
5447
5466
5472
5513
5517
42710
42725
27282
27816
23976
19498
1827
5613
5864
5407
6847
24593
38032
38048
38063
38077
38134
38139
38160
38305
38319
38410
38428
38475
5774
5829
5883
6039
6202
6275
6562
6591
6848
6970
6971
7086